name: cs506project
channels:
- conda-forge
- defaults
dependencies:
- asn1crypto=0.22.0=py36_0
- backports=1.0=py36_1
- backports.functools_lru_cache=1.4=py36_1
- beautifulsoup4=4.6.0=py36_0
- bleach=1.5.0=py36_0
- blinker=1.4=py36_0
- ca-certificates=2017.7.27.1=0
- cffi=1.10.0=py36_0
- colorama=0.3.9=py36_0
- cryptography=2.0.3=py36_0
- cssselect=1.0.1=py_0
- decorator=4.1.2=py36_0
- freetype=2.7=vc14_2
- gensim=3.1.0=py36_vc14_0
- html5lib=0.9999999=py36_0
- icu=58.2=vc14_0
- idna=2.6=py36_1
- ipykernel=4.6.1=py36_0
- ipython=6.1.0=py36_0
- ipython_genutils=0.2.0=py36_0
- ipywidgets=6.0.0=py36_0
- jinja2=2.9.6=py36_0
- jpeg=9b=vc14_2
- jupyter_client=5.1.0=py36_0
- jupyter_console=5.2.0=py36_0
- jupyter_core=4.3.0=py36_0
- libiconv=1.14=vc14_4
- libpng=1.6.28=vc14_2
- libxml2=2.9.5=vc14_1
- libxslt=1.1.29=vc14_5
- lxml=4.1.1=py36_0
- markupsafe=1.0=py36_0
- matplotlib=2.1.0=py36_1
- mistune=0.7.4=py36_0
- nbformat=4.4.0=py36_0
- nltk=3.2.5=py_0
- notebook=5.0.0=py36_0
- oauthlib=2.0.6=py_0
- openssl=1.0.2l=vc14_0
- pandas=0.21.0=py36_0
- path.py=10.3.1=py36_0
- patsy=0.4.1=py36_0
- pickleshare=0.7.4=py36_0
- prompt_toolkit=1.0.15=py36_0
- pycparser=2.18=py36_0
- pygments=2.2.0=py36_0
- pyjwt=1.5.3=py_0
- pyopenssl=17.2.0=py36_0
- pyparsing=2.2.0=py36_0
- pyqt=5.6.0=py36_2
- pyquery=1.2.17=py_0
- pysocks=1.6.7=py36_0
- python=3.6.2=0
- python-crfsuite=0.9.2=py36_vc14_0
- python-dateutil=2.6.1=py36_0
- pytz=2017.3=py_2
- pyzmq=16.0.2=py36_0
- qt=5.6.2=vc14_1
- qtconsole=4.3.1=py36_0
- requests=2.13.0=py36_0
- requests-oauthlib=0.8.0=py36_1
- smart_open=1.5.3=py36_0
- statsmodels=0.8.0=py36_0
- testpath=0.3.1=py36_0
- tk=8.5.19=vc14_1
- tornado=4.5.2=py36_0
- traitlets=4.3.2=py36_0
- twython=3.6.0=py36_0
- urllib3=1.22=py36_0
- vc=14=0
- vs2015_runtime=14.0.25420=0
- wcwidth=0.1.7=py36_0
- webencodings=0.5=py36_0
- wheel=0.29.0=py36_0
- widgetsnbextension=3.0.2=py36_0
- win_inet_pton=1.0.1=py36_1
- wincertstore=0.2=py36_0
- zlib=1.2.11=vc14_0
- boto=2.48.0=py36_0
- bz2file=0.98=py36_0
- certifi=2016.2.28=py36_0
- cycler=0.10.0=py36_0
- entrypoints=0.2.3=py36_0
- jedi=0.10.2=py36_2
- jsonschema=2.6.0=py36_0
- jupyter=1.0.0=py36_3
- mkl=2017.0.3=0
- nbconvert=5.2.1=py36_0
- numpy=1.13.1=py36_0
- pandocfilters=1.4.2=py36_0
- pip=9.0.1=py36_1
- scikit-learn=0.19.0=np113py36_0
- scipy=0.19.1=np113py36_0
- setuptools=36.4.0=py36_1
- simplegeneric=0.8.1=py36_1
- sip=4.18=py36_0
- six=1.10.0=py36_0
- pip:
  - backports.functools-lru-cache==1.4
  - chardet==3.0.4
  - ipython-genutils==0.2.0
  - jupyter-client==5.1.0
  - jupyter-console==5.2.0
  - jupyter-core==4.3.0
  - prompt-toolkit==1.0.15
  - smart-open==1.5.3
  - tweepy==3.5.0
  - win-inet-pton==1.0.1
prefix: C:\Users\mcsbu\Anaconda3\envs\cs506project

